2 3
3 1
3 0
2 3
4 3
4 4
3 4
3 2
4 5
4 5
4 4
3 -1
4 5
4 0
4 5
4 2
3 4
1 3
4 7
5 5
4 -1
2 3
2 3
2 3
3 4
5 6
4 4
4 3
3 4
4 3
3 4
4 3
2 3
2 3
4 3
2 2
4 5
3 5
3 0
3 6
4 1
4 5
4 5
5 4
2 4
2 3
2 4
9 2
9 1
9 2
9 2
9 4
2 3
9 3
2 3
9 3
2 4
9 3
9 3
9 2
9 2
2 1
2 3
2 2
9 2
9 4
2 1
2 2
2 3
9 4
2 2
9 4
2 2
2 2
9 4
9 3
9 3
9 3
2 2
2 2
9 9
2 3
2 2
2 2
9 9
8 9
9 9
7 9
7 9
1 2
9 9
7 9
2 1
1 1
7 9
8 7
9 9
3 3
6 6
5 5
4 5
4 3
6 7
3 4
3 3
6 7
8 9
7 8
9 5
9 9
8 9
9 9
2 3
3 1
3 0
2 3
4 3
4 4
3 4
3 2
4 5
4 5
4 4
3 -1
4 5
4 0
4 5
4 2
3 4
1 3
4 7
5 5
4 -1
2 3
2 3
2 3
3 4
5 6
4 4
4 3
3 4
4 3
3 4
4 3
2 3
2 3
4 3
2 2
4 5
3 5
3 0
3 6
4 1
4 5
4 5
5 4
2 4
2 3
2 4
9 2
9 1
9 2
9 2
9 4
2 3
9 3
2 3
9 3
2 4
9 3
9 3
9 2
9 2
2 1
2 3
2 2
9 2
9 4
2 1
2 2
2 3
9 4
2 2
9 4
2 2
2 2
9 4
9 3
9 3
9 3
2 2
2 2
9 9
2 3
2 2
2 2
9 9
8 9
9 9
7 9
7 9
1 2
9 9
7 9
2 1
1 1
7 9
8 7
9 9
3 3
6 6
5 5
4 5
4 3
6 7
3 4
3 3
6 7
8 9
7 8
9 5
9 9
8 9
9 9
