1 5
2 4
2 3
2 4
2 6
2 5
2 4
2 5
1 4
2 4
1 5
2 4
2 6
2 5
1 5
1 5
1 3
2 4
2 4
2 5
2 6
2 6
2 5
2 9
2 6
2 6
2 5
2 7
2 4
4 5
3 6
3 5
3 10
4 10
4 10
5 10
5 10
9 10
3 5
3 2
4 0
2 3
2 3
2 3
3 2
2 1
2 0
2 0
4 1
3 1
2 -1
2 -1
5 -1
3 -1
2 -1
3 -1
2 -1
4 -1
3 -1
2 -1
2 -1
3 -1
4 -1
3 -1
2 -1
4 -1
1 5
2 4
2 3
2 4
2 6
2 5
2 4
2 5
1 4
2 4
1 5
2 4
2 6
2 5
1 5
1 5
1 3
2 4
2 4
2 5
2 6
2 6
2 5
2 9
2 6
2 6
2 5
2 7
2 4
4 5
3 6
3 5
3 10
4 10
4 10
5 10
5 10
9 10
3 5
3 2
4 0
2 3
2 3
2 3
3 2
2 1
2 0
2 0
4 1
3 1
2 -1
2 -1
5 -1
3 -1
2 -1
3 -1
2 -1
4 -1
3 -1
2 -1
2 -1
3 -1
4 -1
3 -1
2 -1
4 -1
