4 5
5 7
2 3
5 9
4 5
2 3
4 2
3 4
4 4
2 3
2 2
2 2
3 4
2 3
2 2
2 3
3 3
3 3
3 3
2 0
3 2
4 0
2 2
3 3
3 4
4 5
5 5
3 3
4 -1
2 3
2 2
2 3
3 4
4 4
3 4
4 5
2 3
4 4
2 2
4 3
4 5
4 3
4 2
3 2
5 5
4 3
5 9
4 2
4 2
3 4
3 4
5 2
5 4
4 6
4 3
9 4
9 3
9 4
9 3
9 2
9 3
9 2
9 4
9 3
9 3
9 2
9 3
9 3
9 4
9 2
4 5
5 6
5 3
5 6
4 5
4 5
9 4
9 9
9 9
9 9
9 9
9 9
2 3
9 9
9 9
9 9
9 9
9 9
8 9
9 8
9 8
8 -1
8 9
9 8
7 9
4 5
5 7
2 3
5 9
4 5
2 3
4 2
3 4
4 4
2 3
2 2
2 2
3 4
2 3
2 2
2 3
3 3
3 3
3 3
2 0
3 2
4 0
2 2
3 3
3 4
4 5
5 5
3 3
4 -1
2 3
2 2
2 3
3 4
4 4
3 4
4 5
2 3
4 4
2 2
4 3
4 5
4 3
4 2
3 2
5 5
4 3
5 9
4 2
4 2
3 4
3 4
5 2
5 4
4 6
4 3
9 4
9 3
9 4
9 3
9 2
9 3
9 2
9 4
9 3
9 3
9 2
9 3
9 3
9 4
9 2
4 5
5 6
5 3
5 6
4 5
4 5
9 4
9 9
9 9
9 9
9 9
9 9
2 3
9 9
9 9
9 9
9 9
9 9
8 9
9 8
9 8
8 -1
8 9
9 8
7 9
