4 7
5 6
2 3
5 6
4 6
2 3
2 4
4 8
2 4
4 3
3 4
3 4
5 6
2 4
2 5
2 9
4 7
2 3
2 4
2 5
2 4
3 5
1 3
3 7
3 6
2 4
3 2
3 5
3 5
1 1
4 4
2 4
3 5
2 5
2 3
3 7
2 4
4 6
2 3
3 5
3 5
3 7
3 6
1 3
5 4
3 4
4 3
3 5
4 6
2 4
9 9
1 3
2 4
7 9
2 3
1 3
2 3
8 9
2 3
2 3
9 9
2 9
2 9
9 9
9 9
9 9
2 9
1 3
2 4
1 3
9 9
2 3
1 3
6 -1
9 3
2 2
2 3
2 3
2 9
2 9
2 2
9 4
2 9
9 9
2 9
9 9
2 9
2 2
2 1
9 3
2 1
2 1
9 3
9 2
3 4
4 9
2 5
9 9
2 9
9 9
9 9
9 9
9 9
2 9
9 9
2 3
2 6
3 6
1 3
2 4
2 4
2 4
2 4
2 3
5 9
1 4
2 3
2 3
2 5
1 2
9 9
9 9
9 9
5 9
1 3
4 6
3 6
7 9
7 9
9 9
8 9
9 9
9 9
7 10
7 9
9 9
8 9
7 9
9 9
9 9
6 9
7 9
9 9
6 9
9 9
9 9
9 9
9 9
9 9
9 9
7 9
8 9
9 9
7 9
9 9
9 9
9 9
9 9
9 9
9 9
8 9
9 9
7 9
4 7
5 6
2 3
5 6
4 6
2 3
2 4
4 8
2 4
4 3
3 4
3 4
5 6
2 4
2 5
2 9
4 7
2 3
2 4
2 5
2 4
3 5
1 3
3 7
3 6
2 4
3 2
3 5
3 5
1 1
4 4
2 4
3 5
2 5
2 3
3 7
2 4
4 6
2 3
3 5
3 5
3 7
3 6
1 3
5 4
3 4
4 3
3 5
4 6
2 4
9 9
1 3
2 4
7 9
2 3
1 3
2 3
8 9
2 3
2 3
9 9
2 9
2 9
9 9
9 9
9 9
2 9
1 3
2 4
1 3
9 9
2 3
1 3
6 -1
9 3
2 2
2 3
2 3
2 9
2 9
2 2
9 4
2 9
9 9
2 9
9 9
2 9
2 2
2 1
9 3
2 1
2 1
9 3
9 2
3 4
4 9
2 5
9 9
2 9
9 9
9 9
9 9
9 9
2 9
9 9
2 3
2 6
3 6
1 3
2 4
2 4
2 4
2 4
2 3
5 9
1 4
2 3
2 3
2 5
1 2
9 9
9 9
9 9
5 9
1 3
4 6
3 6
7 9
7 9
9 9
8 9
9 9
9 9
7 10
7 9
9 9
8 9
7 9
9 9
9 9
6 9
7 9
9 9
6 9
9 9
9 9
9 9
9 9
9 9
9 9
7 9
8 9
9 9
7 9
9 9
9 9
9 9
9 9
9 9
9 9
8 9
9 9
7 9
