3 2
3 7
2 2
2  
2 3
3 5
5 3
4  
3 3
3 4
4 3
3  
4 9
3 6
3  
2 4
2 8
3  
3 5
4 6
5  
3 5
3 4
4 5
3  
3 5
2 4
4 6
4  
4 5
3 5
3  
4 5
2 3
2 4
3  
2 3
2 3
3 4
2  
3 4
4 3
4 6
4  
5 2
2 3
4 5
2 3
4  
3 4
3 5
3 4
2  
4 5
4 6
4 5
3  
2 3
3 4
2 3
4  
2 4
4 5
2 3
4  
2 4
4 5
4 5
3 5
2  
4 6
2 3
4 5
2 2
2  
3 4
2 2
4 4
2 3
3  
4 5
3 4
2 4
4 4
2  
1 5
5 3
2 3
3 4
4  
4 4
4 5
4 3
2 1
2 2
3  
2 2
3 3
4 4
2 2
3 3
4  
2 3
9 2
2 3
2 1
9 1
9 3
9  
3 3
1 1
3 1
4 4
2 2
2  
2 2
3 4
2 2
3 3
3 2
2 2
4 3
4  
3 2
3 3
4 4
4 5
3 3
4 4
2  
4 1
3 3
3 3
3 2
3 3
4 1
2 2
3  
3 3
4 4
4 4
4 4
3 2
2 1
3 3
2  
3 2
4 2
4 4
2 0
2 2
4 4
4 3
1  
5 4
4 4
5 3
5 4
2 2
2 2
2 2
2  
5 3
4 3
4 2
5 3
2 0
7 5
4 3
5 4
6 4
3 2
2  
9 7
9 7
9 7
8 7
8 6
6 6
7 7
8  
8 7
9 7
9 7
8 7
9 7
7 7
9 6
7  
9 7
8 7
9 7
7 7
8 6
9 7
8 4
9  
8 7
9 7
6 3
7 7
8 7
7 7
8 7
7  
7 7
7 -1
7 7
8 7
7 7
9 7
7 -1
8 7
9  
9 7
8 7
9 8
9 6
7 6
9 7
9 7
8  
9 7
7 7
6 3
8 7
9 7
9 4
9 6
8 7
7  
8 6
8 7
9 6
9 7
9 6
9 6
9 5
9  
9 7
6 6
6 7
8 7
9 7
9 7
8 7
7  
9 7
8 6
7 6
9 7
9 6
9 7
9 7
8  
8 7
8 7
6 7
8 7
8 7
8 7
8 7
6  
9 7
7 7
9 7
9 7
8 1
7 7
7 7
9  
9 7
9 7
7 7
8 7
8 7
9 7
9 7
8  
9 7
9 7
9 -1
8 7
9 7
7 7
8 6
7 7
9  
8 7
7 7
8 7
9 7
6 6
7 7
9 7
7  
8 7
9 7
8 7
8 8
9 8
9 8
8 6
7  
8 7
9 7
9 8
9 7
8 7
9 7
8 7
8  
9 7
8 7
7 7
8 7
7 7
8 7
6 7
9  
7 7
9 7
9 7
8 7
7 7
8 8
7 7
9 -1
9  
6 7
8 7
8 7
8 7
8 7
7 7
7 7
7  
9 7
9 7
8 7
8 7
9 7
6 7
8 7
8 -1
7  
7 7
8 7
8 7
8 7
7 7
9 7
9 7
7 -1
8  
9 7
9 7
9 7
8 7
9 9
8 9
9 9
9  
9 9
9 9
9 9
9 9
8 9
9 9
8 -1
7 