2 1
2 1
4 4
4  
4 6
3 3
3  
2 3
4 4
5  
2 3
3 4
4 4
3  
3 4
5 6
4  
4 4
2 2
4 3
3  
5 3
5 1
4 2
2 3
3  
3 4
4 1
4 1
3 4
4  
4 0
2 3
4 1
2 1
5  
4 4
4 5
2 0
4 1
3  
4 5
3 4
4 5
4  
3 4
2 0
3 3
5 1
5  
3 4
4 0
3 1
4 5
4  
3 2
4 4
3 3
4 3
4  
9 0
2 0
9 2
9 0
2 1
9 1
9 1
2  
2 2
5 4
3 2
5 5
4  
9 2
9 2
9 1
9 1
9 1
9 1
9  
9 2
9 1
9 0
9 0
2 1
9 2
2 0
9  
2 1
9 1
9 1
2 1
2 1
9 0
9 0
9  
9 2
2 2
9 0
9 1
2 1
2 1
9 1
9  
5 4
3 3
3 2
5 4
2 0
3 2
2  
9 4
9 2
9 4
9 2
9 3
9 2
9  
8 9
7 6
9 9
8 9
8  
5 4
4 4
3 2
5 5
3 2
2 2
2  
5 9
2 3
4 5
2 2
4 4
3  
9 6
9 9
9 4
9 3
9 9
9 2
9 2
9 0
9 1
9  
9 9
7 9
8 9
9 9
8 9
9 9
9  
9 9
7 9
8 9
8 9
8 9
7 9
8 