4 9
4  
2 9
3  
2 9
2  
2 6
2 5
5  
2 4
2 4
2  
2 4
4 6
4  
3 6
2 4
2  
2 4
3 5
5  
5 7
3 5
3  
4 5
5 7
4  
4 5
2 4
3  
4 5
4 6
3  
4 -1
4 6
4 6
2  
5 7
3 5
4  
2 9
9 9
9  
2 9
2 5
2  
4 6
3 7
2  
2 4
2 5
4 5
3  
3 4
2 3
4 6
2 5
4  
4 7
4 7
4 6
2  
5 6
3 6
5 4
2  
5 7
3 7
2 5
3  
2 9
9 9
9  
2 9
2 9
9  
5 6
3 4
2 8
3  
1 4
1 6
2 5
5  
4 5
2 3
5 6
4 5
1  
3 4
3 4
1 2
2 5
3  
1 4
9 9
9 9
9  
1 2
8 9
6 9
9  
8 9
2 3
9 9
2 3
8  
3 4
5 7
5 6
3 4
3 5
4 5
4 6
4 5
3  
5 7
4 5
5 6
5 6
4 5
4 5
4 5
4 6
4  
6 9
3 5
6 8
7 9
3 4
6 8
6 9
2  
9 9
9 