4 4
2 2
4 4
2  
5 7
4 6
3  
3 5
3 4
4  
4 5
2 2
2 4
2  
2 6
3 3
4 6
2  
5 5
2 4
5 4
2  
2 3
3 2
2 4
4  
3 4
4 4
3 4
4  
3 3
3 5
4 5
4  
4 8
4 7
3  
4 3
5 6
4 6
4  
4 6
3 5
3 7
3  
2 6
4 7
5 6
4  
5 7
3 5
2 9
5  
3 5
4 6
5 4
2 4
3  
3 6
5 6
5 3
4 5
5  
5 6
5 3
4 3
4 5
3 5
4  
9 4
9 9
9 9
9 9
9  
9 9
9 9
9 9
9  
9 9
9 9
9 9
9 9
9 9
9  
9 9
9 9
9 9
9 9
9 9
9 9
9  
9 9
9 9
9 9
9 9
9 9
9 9
9  
7 9
8 9
7 9
9 9
7 9
9  
9 9
9 9
8 9
9 9
8 9
9 9
8  
8 9
9 9
7 9
9 9
9 9
9 9
8  
8 9
7 9
6 9
8 9
9 9
9 9
8  
7 9
9 9
9 -1
9 9
9 9
8 9
9 10
7  
8 9
6 9
7 -1
7 9
9 9
8 9
8 9
7  
9 9
8 9
9 9
9 11
7 9
7  
9 9
9 9
9 9
8 9
9 9
8 9
7 -1
9  
8 9
7 8
9 5
9 9
9 5
8 5
7 9
6  
7 6
9 7
9 9
6 9
7 9
8 9
8  
8 9
9 9
9 9
7 9
9 9
7 9
9 