3 4
4 4
3  
4 4
3 2
4 2
4  
3 5
2 3
3  
9 3
2 3
2 3
2  
5 3
4 3
2 2
4  
3 2
2 3
2 2
3  
2 3
4 3
3 2
3  
4 2
3 2
4 4
4  
3 3
4 5
4  
2 3
4 5
3 4
5  
3 5
3 4
3 4
2  
3 4
3 4
4 5
3  
4 5
2 3
2 3
2  
2 3
4 2
4 4
4  
5 3
2 4
2 3
3 4
4  
2 3
2 4
2 3
2  
2 3
2 3
2 3
2 2
2  
3 4
2 3
4 2
5 3
3  
2 3
9 9
2 4
6  
6 5
9 8
9  
3 4
1 4
3 5
4  
2 4
2 3
2 4
2  
2 2
2 2
2 3
2 2
9  
3 3
3 4
2 3
2  
4 4
2 2
5 4
2  
7 4
1 2
9 4
1 1
2  
2 3
9 3
2 2
2 2
2  
2 2
2 2
2 2
2 3
2  
3 3
4 4
2 2
3 3
3  
2 2
1 1
2 2
4 3
2 2
1  
2 2
2 1
2 2
2 4
2  
2 3
2 4
2 3
2  
3 3
2 2
4 4
2 2
4  
2 2
4 4
1 3
3 3
3  
3 1
2 3
2 1
2 2
3 3
5  
7 5
7 5
7 5
1  
2 2
1 1
2 2
2 2
3  
3 4
2 3
4 5
3 3
2  
2 3
4 4
2 3
3 3
4  
4 5
3 3
4 4
3 4
2  
2 2
3 3
2 3
3 3
3 3
3  
2 2
2 3
2 2
2 1
2 3
2 3
9  
3 2
3 4
2 2
2 2
4 4
2 