2 3
2 2
4  
4 4
2 5
2 2
4  
3 3
2 7
3 2
3  
2 4
2 3
2 1
2  
4 5
4 6
3  
4 5
4 5
4  
4 4
3 5
4  
5 6
1 6
4  
1 3
3 5
2  
2 7
3 4
4  
2 7
1 3
2  
2 8
3 5
4  
3 6
4 9
2  
7 9
2 4
9  
7 9
1 9
6  
1 3
2 3
8 9
9  
2 4
3 6
3 4
3  
4 5
3 4
4 5
4  
2 2
2 4
3 4
3 4
3  
2 0
3 3
2 3
4 4
4  
2 3
2 2
2 2
2 2
4  
2 2
4 6
3 4
3 2
4  
2 3
2 3
2 3
3 2
4  
9 9
9 9
9  
9 9
9 9
9  
9 9
9 9
9  
2 5
5 7
3 5
3 4
4  
2 3
9 9
9 9
8 9
9  
8 9
8 9
9 9
6 3
9  
9 9
7 9
9 9
8 9
9 9
8  
8 4
6 9
8 9
7 9
9 9
7  
7 9
9 9
9 9
8 9
9 9
8 9
9 