3 2
3 9
2  
2 4
4 7
2  
3 5
2 5
3  
4 5
4 6
5  
3 5
2 3
4  
2 6
3 6
3  
4 5
4 5
3  
2 4
4 5
4  
3 5
4 6
4  
4 6
4 6
4  
3 4
2 2
2 2
2  
3 2
3 3
3 5
3  
2 3
3 3
3 3
4  
2 4
4 5
3 5
4  
3 4
4 5
2 4
5  
4 5
3 6
3  
2 5
4 5
5  
4 6
4 6
2 4
2 4
2  
2 4
4 5
4 6
3  
3 7
3 5
4 5
5  
2 4
2 3
2 3
5 7
4  
2 6
2 4
4 6
2 5
3  
3 7
4 5
4 9
4  
4 8
3 6
4 6
5  
3 5
4 4
5 5
5 5
5  
2 5
3 5
4 4
4 5
5  
9 4
2 3
9 5
9 5
9  
9 3
9 3
9 5
9 4
9  
3 4
5 5
4 5
4 4
4 4
4  
5 5
6 5
5 5
3 5
5 5
3  
4 5
3 4
2 4
4 5
2 3
5  
9 4
9 5
9 5
9 4
9 5
9  
4 5
5 5
3 4
5 5
2 3
5  
5 6
4 4
5 3
5 6
6 7
6 3
3 3
6 7
3  
8 7
9 7
7 7
7 7
9 7
9 7
8 7
8  
9 6
8 7
9 7
7 7
8 7
7 7
8 7
9 