3 8
2 4
2  
4 6
3 8
2  
3 5
1 3
3 4
2  
3 4
3 6
3  
9 9
2 4
2  
3 5
4 5
4  
4 9
3 3
2  
3 5
3 5
2  
3 4
4 5
4  
3 4
3 4
4 2
2  
2 3
2 3
2 4
2  
2 4
2 3
2 3
2  
4 4
2 4
3 3
3  
3 3
5 3
2 3
2  
4 4
3 4
3 2
4  
3 4
3 4
3 3
4  
2 2
3 3
5 5
5  
4 4
3 -1
3 4
2 3
3  
4 5
5 3
3 3
5  
4 5
2 5
3 3
4  
4 4
3 4
4 3
2  
4 6
4 4
2 2
4  
2 3
4 4
4 5
3  
3 5
4 5
2 3
2 0
3  
4 5
4 3
5 5
3  
3 4
3 2
4 2
5 -1
2 4
3  
4 5
2 3
2 3
5  
5 4
3 4
3 4
4 3
2  
4 2
3 4
4 4
2 5
4  
4 3
2 3
4 3
4 3
2  
2 3
2 2
2 2
2 3
2 2
2  
2 2
2 2
2 3
2 2
2 0
2 1
2  
2 2
2 1
2 3
2 2
2 1
2 0
2  
2 2
2 2
2 2
2 3
2 -1
2 2
2  
2 1
2 2
2 2
2 2
2  
2 9
2 2
2 2
2  
2 9
3 6
4  
5 2
2 2
2 5
3 3
4  
2 1
2 1
2 2
2 2
2 2
2 2
2  
2 2
2 5
2 3
2 2
2  
2 2
2 3
2 2
2 2
2 2
2  
4 10
5 11
4  
4 10
2 10
5  
3 6
3 5
3 7
3  
3 5
4 7
2  
2 2
2 3
2 3
3 4
1  
2 2
2 5
2 5
2  
2 5
2 5
2 5
2  
3 3
2 4
3 3
3 5
3 4
4  
4 3
2 6
4 5
3 5
3  
3 4
2 3
5 5
4 5
5  
2 5
2 3
3 3
5 7
3  
3 5
3 4
4 5
4 5
4  
7 4
2 3
9 9
2 3
8 9
6  
9 9
1 2
7 9
8 10
2  
7 10
2 6
1 9
7  
7 10
8 9
7 10
7  
6 10
9 10
6 10
6  
9 10
9 10
9 10
8  
9 10
8 10
8 10
7 10
9 10
9 -1
9 10
8 10
7 10
8 10
9 10
8 10
9  
8 10
9 10
7 10
8 10
7 10
7 10
9  
9 10
7 10
9 10
6 10
9 9
7 9
8  
8 10
9 10
9 9
8 9
7 10
9 9
9 